12245662
43764888
GIMENEZ
VALENTIN ALEJANDRO
1
3
1
54 266 326662
3
~~~~~~~~~~~~~~~~~~~~
63046211
44075067
Sanchez Rodriguez
Juan Manuel
1
3
0
54 266 4205131
2
~~~~~~~~~~~~~~~~~~~~
53289839
43840433
DE LOS SANTOS FERNANDEZ
CELSO RAFAEL
3
2
3
5
0
54 266 4375241
1
~~~~~~~~~~~~~~~~~~~~
51599598
43620842
Loyola
Maria Luciana
1
3
1
54 266 5039901
3
~~~~~~~~~~~~~~~~~~~~
32733870
43765222
LOPEZ
MAXIMILIANO DAVID
3
10
13
17
1
54 266 5021588
3
~~~~~~~~~~~~~~~~~~~~~
82710137
42914875
PEDERNERA
CANDELA LOURDES
1
21
0
54 262 5601011 
2
~~~~~~~~~~~~~~~~~~~~
19126211
43839727
Ochoa Olguin
Valentina
2
9
19
1
54 265 7564740
3
~~~~~~~~~~~~~~~~~~~~
31088374
43953752
Leon Cordoba
Francisco
5
4
5
8
10
15
0
54 266 4572720
1
~~~~~~~~~~~~~~~~~~~~
99966771
43765287
Cravero
Cristian
2
2
3
1
54 266 4390508
3
~~~~~~~~~~~~~~~~~~~~
39674110
42876301
Massola
Franco
1
3
1
54 266 4316861
3
~~~~~~~~~~~~~~~~~~~~
87099952
43013881
FIGUN
SANTIAGO
4
2
3
8
5
0
54 266 4877850
1
~~~~~~~~~~~~~~~~~~~~
81161132
44163773
POLITTI GIL
SANTIAGO
2
2
3
1
54 266 5035234
3
~~~~~~~~~~~~~~~~~~~~~
85598487
43954353
CALDERONI ALVAREZ
BIANCA ZOE
2
2
3
0
54 266 5032731
2
~~~~~~~~~~~~~~~~~~~~~
61368195
43551913
DIAZ
GUSTAVO EMILIANO
1
3
1
54 266 4881537
3
~~~~~~~~~~~~~~~~~~~~~
71564125
43810354
Paoletti Geuna
Gino
1
5
1
54 230 2612865
3